inH2O <- 250 #Pa
Pmax <- 1 *inH2O
250 * 0.0025
